Requirement,Class,Similarity,Associated
13.txt,147.txt,0.1341,0.0
13.txt,153.txt,0.0141,0.0
13.txt,116.txt,0.1766,0.0
13.txt,134.txt,0.6139,0.0
13.txt,159.txt,0.2874,0.0
13.txt,145.txt,0.6773,0.0
13.txt,146.txt,0.4224,0.0
13.txt,158.txt,0.0804,0.0
13.txt,132.txt,0.1766,0.0
13.txt,140.txt,1.0,1.0
13.txt,154.txt,0.7077,0.0
13.txt,141.txt,1.0,1.0
13.txt,120.txt,0.3701,0.0
13.txt,142.txt,0.3574,0.0
13.txt,152.txt,0.3701,0.0
13.txt,124.txt,0.0292,0.0
13.txt,148.txt,0.5985,0.0
13.txt,123.txt,0.2886,0.0
13.txt,117.txt,0.191,0.0
13.txt,122.txt,0.0,0.0
13.txt,138.txt,0.3295,0.0
13.txt,155.txt,1.0,1.0
13.txt,150.txt,1.0,1.0
13.txt,118.txt,1.0,1.0
13.txt,156.txt,1.0,1.0
13.txt,136.txt,0.2322,0.0
13.txt,149.txt,1.0,1.0
13.txt,114.txt,0.2434,0.0
5.txt,147.txt,1.0,1.0
5.txt,153.txt,1.0,1.0
5.txt,116.txt,0.4007,0.0
5.txt,134.txt,0.2664,0.0
5.txt,159.txt,0.2664,0.0
5.txt,145.txt,0.4007,0.0
5.txt,146.txt,1.0,1.0
5.txt,158.txt,1.0,1.0
5.txt,132.txt,0.4007,0.0
5.txt,140.txt,0.2314,0.0
5.txt,154.txt,0.3,0.0
5.txt,141.txt,0.2314,0.0
5.txt,120.txt,0.397,0.0
5.txt,142.txt,0.397,0.0
5.txt,152.txt,0.397,0.0
5.txt,124.txt,1.0,1.0
5.txt,148.txt,0.2604,0.0
5.txt,123.txt,1.0,1.0
5.txt,117.txt,0.2664,0.0
5.txt,122.txt,1.0,1.0
5.txt,138.txt,0.2664,0.0
5.txt,155.txt,0.1355,0.0
5.txt,150.txt,0.2314,0.0
5.txt,118.txt,0.2314,0.0
5.txt,156.txt,0.2314,0.0
5.txt,136.txt,0.4007,0.0
5.txt,149.txt,0.2314,0.0
5.txt,114.txt,0.133,0.0
27.txt,147.txt,0.1341,0.0
27.txt,153.txt,0.216,0.0
27.txt,116.txt,0.1446,0.0
27.txt,134.txt,0.6139,0.0
27.txt,159.txt,0.3076,0.0
27.txt,145.txt,0.3322,0.0
27.txt,146.txt,0.2687,0.0
27.txt,158.txt,0.216,0.0
27.txt,132.txt,0.1539,0.0
27.txt,140.txt,1.0,1.0
27.txt,154.txt,0.3471,0.0
27.txt,141.txt,1.0,1.0
27.txt,120.txt,0.1236,0.0
27.txt,142.txt,0.0592,0.0
27.txt,152.txt,0.1733,0.0
27.txt,124.txt,0.216,0.0
27.txt,148.txt,0.5752,0.0
27.txt,123.txt,0.2774,0.0
27.txt,117.txt,0.3076,0.0
27.txt,122.txt,0.1851,0.0
27.txt,138.txt,0.185,0.0
27.txt,155.txt,1.0,1.0
27.txt,150.txt,1.0,1.0
27.txt,118.txt,1.0,1.0
27.txt,156.txt,1.0,1.0
27.txt,136.txt,0.2232,0.0
27.txt,149.txt,1.0,1.0
27.txt,114.txt,0.1446,0.0
4.txt,147.txt,1.0,1.0
4.txt,153.txt,1.0,1.0
4.txt,116.txt,0.3542,0.0
4.txt,134.txt,0.3722,0.0
4.txt,159.txt,0.3722,0.0
4.txt,145.txt,0.3542,0.0
4.txt,146.txt,1.0,1.0
4.txt,158.txt,1.0,1.0
4.txt,132.txt,0.204,0.0
4.txt,140.txt,0.4197,0.0
4.txt,154.txt,0.3542,0.0
4.txt,141.txt,0.601,0.0
4.txt,120.txt,0.0667,0.0
4.txt,142.txt,0.1173,0.0
4.txt,152.txt,0.1158,0.0
4.txt,124.txt,1.0,1.0
4.txt,148.txt,0.3638,0.0
4.txt,123.txt,1.0,1.0
4.txt,117.txt,0.3722,0.0
4.txt,122.txt,1.0,1.0
4.txt,138.txt,0.3722,0.0
4.txt,155.txt,0.601,0.0
4.txt,150.txt,0.4197,0.0
4.txt,118.txt,0.601,0.0
4.txt,156.txt,0.601,0.0
4.txt,136.txt,0.3542,0.0
4.txt,149.txt,0.601,0.0
4.txt,114.txt,0.3542,0.0
15.txt,147.txt,0.1425,0.0
15.txt,153.txt,0.0921,0.0
15.txt,116.txt,0.5483,1.0
15.txt,134.txt,1.0,1.0
15.txt,159.txt,1.0,1.0
15.txt,145.txt,1.0,1.0
15.txt,146.txt,0.257,0.0
15.txt,158.txt,0.0921,0.0
15.txt,132.txt,0.5022,1.0
15.txt,140.txt,0.3019,0.0
15.txt,154.txt,1.0,1.0
15.txt,141.txt,0.166,0.0
15.txt,120.txt,0.125,0.0
15.txt,142.txt,0.3152,0.0
15.txt,152.txt,0.2833,0.0
15.txt,124.txt,0.0921,0.0
15.txt,148.txt,1.0,1.0
15.txt,123.txt,0.1052,0.0
15.txt,117.txt,1.0,1.0
15.txt,122.txt,0.0789,0.0
15.txt,138.txt,1.0,1.0
15.txt,155.txt,0.0576,0.0
15.txt,150.txt,0.3721,0.0
15.txt,118.txt,0.2079,0.0
15.txt,156.txt,0.3307,0.0
15.txt,136.txt,1.0,1.0
15.txt,149.txt,0.2353,0.0
15.txt,114.txt,0.5859,1.0
9.txt,147.txt,0.1341,0.0
9.txt,153.txt,0.1996,0.0
9.txt,116.txt,0.3573,0.0
9.txt,134.txt,0.6139,0.0
9.txt,159.txt,0.2485,0.0
9.txt,145.txt,0.4167,0.0
9.txt,146.txt,0.2687,0.0
9.txt,158.txt,0.1996,0.0
9.txt,132.txt,0.3573,0.0
9.txt,140.txt,1.0,1.0
9.txt,154.txt,0.4354,0.0
9.txt,141.txt,1.0,1.0
9.txt,120.txt,0.1236,0.0
9.txt,142.txt,0.0783,0.0
9.txt,152.txt,0.1733,0.0
9.txt,124.txt,0.1996,0.0
9.txt,148.txt,0.5985,0.0
9.txt,123.txt,0.2886,0.0
9.txt,117.txt,0.2485,0.0
9.txt,122.txt,0.1711,0.0
9.txt,138.txt,0.2485,0.0
9.txt,155.txt,1.0,1.0
9.txt,150.txt,1.0,1.0
9.txt,118.txt,1.0,1.0
9.txt,156.txt,1.0,1.0
9.txt,136.txt,0.3573,0.0
9.txt,149.txt,1.0,1.0
9.txt,114.txt,0.1306,0.0
30.txt,147.txt,0.1219,0.0
30.txt,153.txt,0.1194,0.0
30.txt,116.txt,0.4532,1.0
30.txt,134.txt,1.0,1.0
30.txt,159.txt,1.0,1.0
30.txt,145.txt,0.8266,1.0
30.txt,146.txt,0.257,0.0
30.txt,158.txt,0.1194,0.0
30.txt,132.txt,0.4151,1.0
30.txt,140.txt,0.6903,0.0
30.txt,154.txt,0.8266,1.0
30.txt,141.txt,0.3599,0.0
30.txt,120.txt,0.4403,0.0
30.txt,142.txt,0.4403,0.0
30.txt,152.txt,0.4403,0.0
30.txt,124.txt,0.1194,0.0
30.txt,148.txt,1.0,1.0
30.txt,123.txt,0.1194,0.0
30.txt,117.txt,1.0,1.0
30.txt,122.txt,0.1194,0.0
30.txt,138.txt,1.0,1.0
30.txt,155.txt,0.6903,0.0
30.txt,150.txt,0.6903,0.0
30.txt,118.txt,0.5192,0.0
30.txt,156.txt,0.6903,0.0
30.txt,136.txt,0.8266,1.0
30.txt,149.txt,0.6903,0.0
30.txt,114.txt,0.4843,1.0
11.txt,147.txt,0.2148,0.0
11.txt,153.txt,0.2148,0.0
11.txt,116.txt,0.2373,0.0
11.txt,134.txt,0.6139,0.0
11.txt,159.txt,0.4328,0.0
11.txt,145.txt,0.6773,0.0
11.txt,146.txt,0.4224,0.0
11.txt,158.txt,0.2148,0.0
11.txt,132.txt,0.2173,0.0
11.txt,140.txt,1.0,1.0
11.txt,154.txt,0.7077,0.0
11.txt,141.txt,1.0,1.0
11.txt,120.txt,0.1236,0.0
11.txt,142.txt,0.0,0.0
11.txt,152.txt,0.1733,0.0
11.txt,124.txt,0.2148,0.0
11.txt,148.txt,0.5985,0.0
11.txt,123.txt,0.2886,0.0
11.txt,117.txt,0.4328,0.0
11.txt,122.txt,0.2148,0.0
11.txt,138.txt,0.4328,0.0
11.txt,155.txt,1.0,1.0
11.txt,150.txt,1.0,1.0
11.txt,118.txt,1.0,1.0
11.txt,156.txt,1.0,1.0
11.txt,136.txt,0.4328,0.0
11.txt,149.txt,1.0,1.0
11.txt,114.txt,0.2535,0.0
21.txt,147.txt,0.1341,0.0
21.txt,153.txt,0.1825,0.0
21.txt,116.txt,0.3378,0.0
21.txt,134.txt,0.6139,0.0
21.txt,159.txt,0.4374,0.0
21.txt,145.txt,0.5273,0.0
21.txt,146.txt,0.3289,0.0
21.txt,158.txt,0.1825,0.0
21.txt,132.txt,0.4039,0.0
21.txt,140.txt,1.0,1.0
21.txt,154.txt,0.551,0.0
21.txt,141.txt,1.0,1.0
21.txt,120.txt,0.1236,0.0
21.txt,142.txt,0.1166,0.0
21.txt,152.txt,0.1733,0.0
21.txt,124.txt,0.1825,0.0
21.txt,148.txt,0.5985,0.0
21.txt,123.txt,0.2886,0.0
21.txt,117.txt,0.4374,0.0
21.txt,122.txt,0.1564,0.0
21.txt,138.txt,0.4374,0.0
21.txt,155.txt,1.0,1.0
21.txt,150.txt,1.0,1.0
21.txt,118.txt,1.0,1.0
21.txt,156.txt,1.0,1.0
21.txt,136.txt,0.4039,0.0
21.txt,149.txt,1.0,1.0
21.txt,114.txt,0.3531,0.0
8.txt,147.txt,0.1513,0.0
8.txt,153.txt,0.1513,0.0
8.txt,116.txt,0.0,0.0
8.txt,134.txt,0.6139,0.0
8.txt,159.txt,0.1707,0.0
8.txt,145.txt,0.4023,0.0
8.txt,146.txt,0.2687,0.0
8.txt,158.txt,0.1513,0.0
8.txt,132.txt,0.0927,0.0
8.txt,140.txt,1.0,1.0
8.txt,154.txt,0.4203,0.0
8.txt,141.txt,1.0,1.0
8.txt,120.txt,0.1236,0.0
8.txt,142.txt,0.0,0.0
8.txt,152.txt,0.1733,0.0
8.txt,124.txt,0.1513,0.0
8.txt,148.txt,0.5985,0.0
8.txt,123.txt,0.2886,0.0
8.txt,117.txt,0.0703,0.0
8.txt,122.txt,0.1513,0.0
8.txt,138.txt,0.1957,0.0
8.txt,155.txt,1.0,1.0
8.txt,150.txt,1.0,1.0
8.txt,118.txt,1.0,1.0
8.txt,156.txt,1.0,1.0
8.txt,136.txt,0.2322,0.0
8.txt,149.txt,1.0,1.0
8.txt,114.txt,0.1105,0.0
10.txt,147.txt,0.1341,0.0
10.txt,153.txt,0.0,0.0
10.txt,116.txt,0.0693,0.0
10.txt,134.txt,0.6139,0.0
10.txt,159.txt,0.1263,0.0
10.txt,145.txt,0.2977,0.0
10.txt,146.txt,0.2687,0.0
10.txt,158.txt,0.0804,0.0
10.txt,132.txt,0.0927,0.0
10.txt,140.txt,1.0,1.0
10.txt,154.txt,0.311,0.0
10.txt,141.txt,1.0,1.0
10.txt,120.txt,0.1236,0.0
10.txt,142.txt,0.0236,0.0
10.txt,152.txt,0.1733,0.0
10.txt,124.txt,0.009,0.0
10.txt,148.txt,0.4518,0.0
10.txt,123.txt,0.2179,0.0
10.txt,117.txt,0.0703,0.0
10.txt,122.txt,0.0,0.0
10.txt,138.txt,0.1448,0.0
10.txt,155.txt,1.0,1.0
10.txt,150.txt,1.0,1.0
10.txt,118.txt,1.0,1.0
10.txt,156.txt,1.0,1.0
10.txt,136.txt,0.1753,0.0
10.txt,149.txt,1.0,1.0
10.txt,114.txt,0.1105,0.0
17.txt,147.txt,0.1816,0.0
17.txt,153.txt,0.076,0.0
17.txt,116.txt,1.0,1.0
17.txt,134.txt,1.0,1.0
17.txt,159.txt,1.0,1.0
17.txt,145.txt,1.0,1.0
17.txt,146.txt,0.4103,0.0
17.txt,158.txt,0.1816,0.0
17.txt,132.txt,1.0,1.0
17.txt,140.txt,0.7244,0.0
17.txt,154.txt,1.0,1.0
17.txt,141.txt,0.7244,0.0
17.txt,120.txt,0.1884,0.0
17.txt,142.txt,0.4246,0.0
17.txt,152.txt,0.0315,0.0
17.txt,124.txt,0.1816,0.0
17.txt,148.txt,0.7517,1.0
17.txt,123.txt,0.1816,0.0
17.txt,117.txt,1.0,1.0
17.txt,122.txt,0.1816,0.0
17.txt,138.txt,1.0,1.0
17.txt,155.txt,0.4243,0.0
17.txt,150.txt,0.7244,0.0
17.txt,118.txt,0.7244,0.0
17.txt,156.txt,0.7244,0.0
17.txt,136.txt,1.0,1.0
17.txt,149.txt,0.7244,0.0
17.txt,114.txt,1.0,1.0
19.txt,147.txt,0.1496,0.0
19.txt,153.txt,0.0491,0.0
19.txt,116.txt,1.0,1.0
19.txt,134.txt,0.1186,0.0
19.txt,159.txt,0.1949,0.0
19.txt,145.txt,1.0,1.0
19.txt,146.txt,0.4103,0.0
19.txt,158.txt,0.134,0.0
19.txt,132.txt,1.0,1.0
19.txt,140.txt,0.1242,0.0
19.txt,154.txt,1.0,1.0
19.txt,141.txt,0.0062,0.0
19.txt,120.txt,0.5402,0.0
19.txt,142.txt,0.5402,0.0
19.txt,152.txt,0.5402,0.0
19.txt,124.txt,0.1297,0.0
19.txt,148.txt,0.2895,0.0
19.txt,123.txt,0.0739,0.0
19.txt,117.txt,0.5089,0.0
19.txt,122.txt,0.0,0.0
19.txt,138.txt,0.3889,0.0
19.txt,155.txt,0.1502,0.0
19.txt,150.txt,0.0119,0.0
19.txt,118.txt,0.5719,0.0
19.txt,156.txt,0.3342,0.0
19.txt,136.txt,1.0,1.0
19.txt,149.txt,0.5388,0.0
19.txt,114.txt,1.0,1.0
14.txt,147.txt,0.1537,0.0
14.txt,153.txt,0.0478,0.0
14.txt,116.txt,0.5384,1.0
14.txt,134.txt,1.0,1.0
14.txt,159.txt,1.0,1.0
14.txt,145.txt,0.982,1.0
14.txt,146.txt,0.1658,0.0
14.txt,158.txt,0.1537,0.0
14.txt,132.txt,0.4931,1.0
14.txt,140.txt,0.3019,0.0
14.txt,154.txt,0.982,1.0
14.txt,141.txt,0.0956,0.0
14.txt,120.txt,0.445,0.0
14.txt,142.txt,0.4298,0.0
14.txt,152.txt,0.445,0.0
14.txt,124.txt,0.1537,0.0
14.txt,148.txt,1.0,1.0
14.txt,123.txt,0.1537,0.0
14.txt,117.txt,1.0,1.0
14.txt,122.txt,0.1537,0.0
14.txt,138.txt,1.0,1.0
14.txt,155.txt,0.0,0.0
14.txt,150.txt,0.3654,0.0
14.txt,118.txt,0.0,0.0
14.txt,156.txt,0.3247,0.0
14.txt,136.txt,0.982,1.0
14.txt,149.txt,0.0877,0.0
14.txt,114.txt,0.5753,1.0
24.txt,147.txt,0.0731,0.0
24.txt,153.txt,0.0054,0.0
24.txt,116.txt,1.0,1.0
24.txt,134.txt,0.5126,0.0
24.txt,159.txt,0.5126,0.0
24.txt,145.txt,1.0,1.0
24.txt,146.txt,0.2703,0.0
24.txt,158.txt,0.1381,0.0
24.txt,132.txt,1.0,1.0
24.txt,140.txt,0.6038,0.0
24.txt,154.txt,1.0,1.0
24.txt,141.txt,0.6038,0.0
24.txt,120.txt,0.0024,0.0
24.txt,142.txt,0.2797,0.0
24.txt,152.txt,0.0,0.0
24.txt,124.txt,0.0771,0.0
24.txt,148.txt,0.3853,0.0
24.txt,123.txt,0.0487,0.0
24.txt,117.txt,0.5126,0.0
24.txt,122.txt,0.0219,0.0
24.txt,138.txt,0.5126,0.0
24.txt,155.txt,0.3536,0.0
24.txt,150.txt,0.6038,0.0
24.txt,118.txt,0.6038,0.0
24.txt,156.txt,0.6038,0.0
24.txt,136.txt,1.0,1.0
24.txt,149.txt,0.6038,0.0
24.txt,114.txt,1.0,1.0
29.txt,147.txt,0.221,0.0
29.txt,153.txt,0.221,0.0
29.txt,116.txt,0.412,1.0
29.txt,134.txt,1.0,1.0
29.txt,159.txt,1.0,1.0
29.txt,145.txt,0.6136,1.0
29.txt,146.txt,0.257,0.0
29.txt,158.txt,0.221,0.0
29.txt,132.txt,0.3483,1.0
29.txt,140.txt,0.3283,0.0
29.txt,154.txt,0.6136,1.0
29.txt,141.txt,0.4207,0.0
29.txt,120.txt,0.125,0.0
29.txt,142.txt,0.3152,0.0
29.txt,152.txt,0.2833,0.0
29.txt,124.txt,0.221,0.0
29.txt,148.txt,1.0,1.0
29.txt,123.txt,0.221,0.0
29.txt,117.txt,1.0,1.0
29.txt,122.txt,0.221,0.0
29.txt,138.txt,1.0,1.0
29.txt,155.txt,0.4207,0.0
29.txt,150.txt,0.3283,0.0
29.txt,118.txt,0.4207,0.0
29.txt,156.txt,0.4207,0.0
29.txt,136.txt,0.6136,1.0
29.txt,149.txt,0.4207,0.0
29.txt,114.txt,0.3595,1.0
1.txt,147.txt,1.0,1.0
1.txt,153.txt,0.9109,1.0
1.txt,116.txt,0.4057,0.0
1.txt,134.txt,0.2369,0.0
1.txt,159.txt,0.2369,0.0
1.txt,145.txt,0.4057,0.0
1.txt,146.txt,1.0,1.0
1.txt,158.txt,1.0,1.0
1.txt,132.txt,0.348,0.0
1.txt,140.txt,0.0368,0.0
1.txt,154.txt,0.3868,0.0
1.txt,141.txt,0.0393,0.0
1.txt,120.txt,0.0296,0.0
1.txt,142.txt,0.1013,0.0
1.txt,152.txt,0.0399,0.0
1.txt,124.txt,1.0,1.0
1.txt,148.txt,0.2315,0.0
1.txt,123.txt,1.0,1.0
1.txt,117.txt,0.2369,0.0
1.txt,122.txt,1.0,1.0
1.txt,138.txt,0.2369,0.0
1.txt,155.txt,0.0,0.0
1.txt,150.txt,0.1196,0.0
1.txt,118.txt,0.0,0.0
1.txt,156.txt,0.1441,0.0
1.txt,136.txt,0.267,0.0
1.txt,149.txt,0.0361,0.0
1.txt,114.txt,0.4057,0.0
20.txt,147.txt,0.1425,0.0
20.txt,153.txt,0.0796,0.0
20.txt,116.txt,1.0,1.0
20.txt,134.txt,1.0,1.0
20.txt,159.txt,1.0,1.0
20.txt,145.txt,1.0,1.0
20.txt,146.txt,0.3709,0.0
20.txt,158.txt,0.1381,0.0
20.txt,132.txt,1.0,1.0
20.txt,140.txt,0.4834,0.0
20.txt,154.txt,1.0,1.0
20.txt,141.txt,0.4834,0.0
20.txt,120.txt,0.1884,0.0
20.txt,142.txt,0.3838,0.0
20.txt,152.txt,0.042,0.0
20.txt,124.txt,0.1297,0.0
20.txt,148.txt,0.7517,1.0
20.txt,123.txt,0.0691,0.0
20.txt,117.txt,1.0,1.0
20.txt,122.txt,0.0,0.0
20.txt,138.txt,1.0,1.0
20.txt,155.txt,0.2831,0.0
20.txt,150.txt,0.4834,0.0
20.txt,118.txt,0.5719,0.0
20.txt,156.txt,0.4834,0.0
20.txt,136.txt,1.0,1.0
20.txt,149.txt,0.5796,0.0
20.txt,114.txt,1.0,1.0
18.txt,147.txt,0.1425,0.0
18.txt,153.txt,0.0466,0.0
18.txt,116.txt,1.0,1.0
18.txt,134.txt,1.0,1.0
18.txt,159.txt,1.0,1.0
18.txt,145.txt,1.0,1.0
18.txt,146.txt,0.4103,0.0
18.txt,158.txt,0.1381,0.0
18.txt,132.txt,1.0,1.0
18.txt,140.txt,0.3313,0.0
18.txt,154.txt,1.0,1.0
18.txt,141.txt,0.4814,0.0
18.txt,120.txt,0.3659,0.0
18.txt,142.txt,0.4246,0.0
18.txt,152.txt,0.3659,0.0
18.txt,124.txt,0.1297,0.0
18.txt,148.txt,0.7517,1.0
18.txt,123.txt,0.0739,0.0
18.txt,117.txt,1.0,1.0
18.txt,122.txt,0.0,0.0
18.txt,138.txt,1.0,1.0
18.txt,155.txt,0.4814,0.0
18.txt,150.txt,0.3721,0.0
18.txt,118.txt,0.5719,0.0
18.txt,156.txt,0.4814,0.0
18.txt,136.txt,1.0,1.0
18.txt,149.txt,0.5388,0.0
18.txt,114.txt,1.0,1.0
23.txt,147.txt,0.1425,0.0
23.txt,153.txt,0.0796,0.0
23.txt,116.txt,1.0,1.0
23.txt,134.txt,1.0,1.0
23.txt,159.txt,1.0,1.0
23.txt,145.txt,1.0,1.0
23.txt,146.txt,0.4103,0.0
23.txt,158.txt,0.134,0.0
23.txt,132.txt,1.0,1.0
23.txt,140.txt,0.5224,0.0
23.txt,154.txt,1.0,1.0
23.txt,141.txt,0.2811,0.0
23.txt,120.txt,0.1884,0.0
23.txt,142.txt,0.4246,0.0
23.txt,152.txt,0.1692,0.0
23.txt,124.txt,0.1297,0.0
23.txt,148.txt,0.7517,1.0
23.txt,123.txt,0.1508,0.0
23.txt,117.txt,1.0,1.0
23.txt,122.txt,0.1237,0.0
23.txt,138.txt,1.0,1.0
23.txt,155.txt,0.5224,0.0
23.txt,150.txt,0.5224,0.0
23.txt,118.txt,0.5719,0.0
23.txt,156.txt,0.5224,0.0
23.txt,136.txt,1.0,1.0
23.txt,149.txt,0.5442,0.0
23.txt,114.txt,1.0,1.0
25.txt,147.txt,0.1425,0.0
25.txt,153.txt,0.0796,0.0
25.txt,116.txt,1.0,1.0
25.txt,134.txt,1.0,1.0
25.txt,159.txt,1.0,1.0
25.txt,145.txt,1.0,1.0
25.txt,146.txt,0.4103,0.0
25.txt,158.txt,0.1381,0.0
25.txt,132.txt,1.0,1.0
25.txt,140.txt,0.4433,0.0
25.txt,154.txt,1.0,1.0
25.txt,141.txt,0.4433,0.0
25.txt,120.txt,0.3389,0.0
25.txt,142.txt,0.4246,0.0
25.txt,152.txt,0.3389,0.0
25.txt,124.txt,0.117,0.0
25.txt,148.txt,0.7517,1.0
25.txt,123.txt,0.0739,0.0
25.txt,117.txt,1.0,1.0
25.txt,122.txt,0.006,0.0
25.txt,138.txt,1.0,1.0
25.txt,155.txt,0.2597,0.0
25.txt,150.txt,0.4433,0.0
25.txt,118.txt,0.481,0.0
25.txt,156.txt,0.4433,0.0
25.txt,136.txt,1.0,1.0
25.txt,149.txt,0.5796,0.0
25.txt,114.txt,1.0,1.0
26.txt,147.txt,0.0957,0.0
26.txt,153.txt,0.0201,0.0
26.txt,116.txt,0.412,1.0
26.txt,134.txt,1.0,1.0
26.txt,159.txt,1.0,1.0
26.txt,145.txt,0.6711,1.0
26.txt,146.txt,0.257,0.0
26.txt,158.txt,0.0218,0.0
26.txt,132.txt,0.337,1.0
26.txt,140.txt,0.2819,0.0
26.txt,154.txt,0.6711,1.0
26.txt,141.txt,0.166,0.0
26.txt,120.txt,0.125,0.0
26.txt,142.txt,0.3152,0.0
26.txt,152.txt,0.2646,0.0
26.txt,124.txt,0.0827,0.0
26.txt,148.txt,1.0,1.0
26.txt,123.txt,0.1052,0.0
26.txt,117.txt,1.0,1.0
26.txt,122.txt,0.0,0.0
26.txt,138.txt,1.0,1.0
26.txt,155.txt,0.2304,0.0
26.txt,150.txt,0.2498,0.0
26.txt,118.txt,0.1733,0.0
26.txt,156.txt,0.2464,0.0
26.txt,136.txt,0.6711,1.0
26.txt,149.txt,0.2304,0.0
26.txt,114.txt,0.3932,1.0
22.txt,147.txt,0.1425,0.0
22.txt,153.txt,0.0487,0.0
22.txt,116.txt,0.5483,1.0
22.txt,134.txt,1.0,1.0
22.txt,159.txt,1.0,1.0
22.txt,145.txt,1.0,1.0
22.txt,146.txt,0.2033,0.0
22.txt,158.txt,0.1131,0.0
22.txt,132.txt,0.5022,1.0
22.txt,140.txt,0.4584,0.0
22.txt,154.txt,1.0,1.0
22.txt,141.txt,0.2466,0.0
22.txt,120.txt,0.1397,0.0
22.txt,142.txt,0.2493,0.0
22.txt,152.txt,0.2331,0.0
22.txt,124.txt,0.1131,0.0
22.txt,148.txt,1.0,1.0
22.txt,123.txt,0.1323,0.0
22.txt,117.txt,1.0,1.0
22.txt,122.txt,0.1131,0.0
22.txt,138.txt,1.0,1.0
22.txt,155.txt,0.4584,0.0
22.txt,150.txt,0.4584,0.0
22.txt,118.txt,0.4584,0.0
22.txt,156.txt,0.4584,0.0
22.txt,136.txt,1.0,1.0
22.txt,149.txt,0.4584,0.0
22.txt,114.txt,0.5859,1.0
7.txt,147.txt,0.2769,0.0
7.txt,153.txt,0.0236,0.0
7.txt,116.txt,0.4344,0.0
7.txt,134.txt,0.1306,0.0
7.txt,159.txt,0.2345,0.0
7.txt,145.txt,0.4344,0.0
7.txt,146.txt,0.3632,0.0
7.txt,158.txt,0.2552,0.0
7.txt,132.txt,0.3914,0.0
7.txt,140.txt,0.2128,0.0
7.txt,154.txt,0.4141,0.0
7.txt,141.txt,0.1109,0.0
7.txt,120.txt,1.0,1.0
7.txt,142.txt,1.0,1.0
7.txt,152.txt,1.0,1.0
7.txt,124.txt,0.2552,0.0
7.txt,148.txt,0.4823,0.0
7.txt,123.txt,0.2552,0.0
7.txt,117.txt,0.1182,0.0
7.txt,122.txt,0.2552,0.0
7.txt,138.txt,0.193,0.0
7.txt,155.txt,0.2128,0.0
7.txt,150.txt,0.2128,0.0
7.txt,118.txt,0.2239,0.0
7.txt,156.txt,0.3146,0.0
7.txt,136.txt,0.3914,0.0
7.txt,149.txt,0.2128,0.0
7.txt,114.txt,0.6577,0.0
6.txt,147.txt,0.4171,1.0
6.txt,153.txt,1.0,1.0
6.txt,116.txt,0.2116,0.0
6.txt,134.txt,0.2269,0.0
6.txt,159.txt,0.2269,0.0
6.txt,145.txt,0.2269,0.0
6.txt,146.txt,1.0,1.0
6.txt,158.txt,1.0,1.0
6.txt,132.txt,0.1219,0.0
6.txt,140.txt,0.0255,0.0
6.txt,154.txt,0.2269,0.0
6.txt,141.txt,0.0,0.0
6.txt,120.txt,0.0399,0.0
6.txt,142.txt,0.0386,0.0
6.txt,152.txt,0.1158,0.0
6.txt,124.txt,1.0,1.0
6.txt,148.txt,0.1868,0.0
6.txt,123.txt,1.0,1.0
6.txt,117.txt,0.2269,0.0
6.txt,122.txt,0.8571,1.0
6.txt,138.txt,0.2269,0.0
6.txt,155.txt,0.0415,0.0
6.txt,150.txt,0.0844,0.0
6.txt,118.txt,0.0,0.0
6.txt,156.txt,0.075,0.0
6.txt,136.txt,0.2269,0.0
6.txt,149.txt,0.0878,0.0
6.txt,114.txt,0.2116,0.0
16.txt,147.txt,0.1105,0.0
16.txt,153.txt,0.0554,0.0
16.txt,116.txt,0.425,1.0
16.txt,134.txt,1.0,1.0
16.txt,159.txt,1.0,1.0
16.txt,145.txt,0.7752,1.0
16.txt,146.txt,0.257,0.0
16.txt,158.txt,0.0554,0.0
16.txt,132.txt,0.3893,1.0
16.txt,140.txt,0.3019,0.0
16.txt,154.txt,0.7752,1.0
16.txt,141.txt,0.166,0.0
16.txt,120.txt,0.125,0.0
16.txt,142.txt,0.3152,0.0
16.txt,152.txt,0.2833,0.0
16.txt,124.txt,0.0827,0.0
16.txt,148.txt,1.0,1.0
16.txt,123.txt,0.0871,0.0
16.txt,117.txt,1.0,1.0
16.txt,122.txt,0.0554,0.0
16.txt,138.txt,1.0,1.0
16.txt,155.txt,0.0929,0.0
16.txt,150.txt,0.2885,0.0
16.txt,118.txt,0.1613,0.0
16.txt,156.txt,0.2563,0.0
16.txt,136.txt,0.7752,1.0
16.txt,149.txt,0.2094,0.0
16.txt,114.txt,0.4541,1.0
2.txt,147.txt,1.0,1.0
2.txt,153.txt,1.0,1.0
2.txt,116.txt,0.334,0.0
2.txt,134.txt,0.0906,0.0
2.txt,159.txt,0.0175,0.0
2.txt,145.txt,0.334,0.0
2.txt,146.txt,1.0,1.0
2.txt,158.txt,1.0,1.0
2.txt,132.txt,0.334,0.0
2.txt,140.txt,0.0255,0.0
2.txt,154.txt,0.2501,0.0
2.txt,141.txt,0.0007,0.0
2.txt,120.txt,0.0339,0.0
2.txt,142.txt,0.0987,0.0
2.txt,152.txt,0.1158,0.0
2.txt,124.txt,1.0,1.0
2.txt,148.txt,0.0862,0.0
2.txt,123.txt,1.0,1.0
2.txt,117.txt,0.1453,0.0
2.txt,122.txt,1.0,1.0
2.txt,138.txt,0.053,0.0
2.txt,155.txt,0.0292,0.0
2.txt,150.txt,0.1164,0.0
2.txt,118.txt,0.1607,0.0
2.txt,156.txt,0.0424,0.0
2.txt,136.txt,0.334,0.0
2.txt,149.txt,0.1818,0.0
2.txt,114.txt,0.1109,0.0
28.txt,147.txt,0.2831,0.0
28.txt,153.txt,0.2831,0.0
28.txt,116.txt,0.1787,0.0
28.txt,134.txt,0.6139,0.0
28.txt,159.txt,0.3471,0.0
28.txt,145.txt,0.6773,0.0
28.txt,146.txt,0.4224,0.0
28.txt,158.txt,0.2831,0.0
28.txt,132.txt,0.1787,0.0
28.txt,140.txt,1.0,1.0
28.txt,154.txt,0.7077,0.0
28.txt,141.txt,1.0,1.0
28.txt,120.txt,0.1236,0.0
28.txt,142.txt,0.1094,0.0
28.txt,152.txt,0.1733,0.0
28.txt,124.txt,0.2831,0.0
28.txt,148.txt,0.4176,0.0
28.txt,123.txt,0.2831,0.0
28.txt,117.txt,0.3471,0.0
28.txt,122.txt,0.2831,0.0
28.txt,138.txt,0.3471,0.0
28.txt,155.txt,1.0,1.0
28.txt,150.txt,1.0,1.0
28.txt,118.txt,1.0,1.0
28.txt,156.txt,1.0,1.0
28.txt,136.txt,0.1787,0.0
28.txt,149.txt,1.0,1.0
28.txt,114.txt,0.1787,0.0
3.txt,147.txt,1.0,1.0
3.txt,153.txt,1.0,1.0
3.txt,116.txt,0.1255,0.0
3.txt,134.txt,0.2289,0.0
3.txt,159.txt,0.2289,0.0
3.txt,145.txt,0.2289,0.0
3.txt,146.txt,1.0,1.0
3.txt,158.txt,1.0,1.0
3.txt,132.txt,0.115,0.0
3.txt,140.txt,0.153,0.0
3.txt,154.txt,0.2289,0.0
3.txt,141.txt,0.2223,0.0
3.txt,120.txt,0.257,0.0
3.txt,142.txt,0.257,0.0
3.txt,152.txt,0.257,0.0
3.txt,124.txt,1.0,1.0
3.txt,148.txt,0.1972,0.0
3.txt,123.txt,1.0,1.0
3.txt,117.txt,0.2289,0.0
3.txt,122.txt,1.0,1.0
3.txt,138.txt,0.2289,0.0
3.txt,155.txt,0.2223,0.0
3.txt,150.txt,0.1431,0.0
3.txt,118.txt,0.2223,0.0
3.txt,156.txt,0.2223,0.0
3.txt,136.txt,0.2289,0.0
3.txt,149.txt,0.2223,0.0
3.txt,114.txt,0.1341,0.0
12.txt,147.txt,0.263,0.0
12.txt,153.txt,0.0244,0.0
12.txt,116.txt,0.1799,0.0
12.txt,134.txt,0.6139,0.0
12.txt,159.txt,0.2874,0.0
12.txt,145.txt,0.6773,0.0
12.txt,146.txt,0.4224,0.0
12.txt,158.txt,0.263,0.0
12.txt,132.txt,0.1543,0.0
12.txt,140.txt,1.0,1.0
12.txt,154.txt,0.7077,0.0
12.txt,141.txt,1.0,1.0
12.txt,120.txt,0.4072,0.0
12.txt,142.txt,0.4072,0.0
12.txt,152.txt,0.4072,0.0
12.txt,124.txt,0.263,0.0
12.txt,148.txt,0.5985,0.0
12.txt,123.txt,0.2886,0.0
12.txt,117.txt,0.0703,0.0
12.txt,122.txt,0.263,0.0
12.txt,138.txt,0.3295,0.0
12.txt,155.txt,1.0,1.0
12.txt,150.txt,1.0,1.0
12.txt,118.txt,1.0,1.0
12.txt,156.txt,1.0,1.0
12.txt,136.txt,0.2322,0.0
12.txt,149.txt,1.0,1.0
12.txt,114.txt,0.2554,0.0
